1.000000000000000021e-02
1.011591112223829761e-02
1.023316578330244961e-02
1.035177955630176179e-02
1.047176819485520251e-02
1.059314763518369971e-02
1.071593399822671176e-02
1.084014359178330986e-02
1.096579291267809828e-02
1.109289864895222737e-02
1.122147768207980290e-02
1.135154708920999012e-02
1.148312414543511094e-02
1.161622632608501869e-02
1.175087130904807486e-02
1.188707697711903315e-02
1.202486142037412220e-02
1.216424293857367930e-02
1.230524004359261590e-02
1.244787146187906202e-02
1.259215613694150866e-02
1.273811323186478488e-02
1.288576213185517981e-02
1.303512244681508982e-02
1.318621401394748545e-02
1.333905690039058692e-02
1.349367140588306549e-02
1.365007806546013856e-02
1.380829765218092274e-02
1.396835117988739702e-02
1.413025990599533696e-02
1.429404533431761007e-02
1.445972921792019507e-02
1.462733356201129965e-02
1.479688062686396362e-02
1.496839293077255502e-02
1.514189325304352018e-02
1.531740463702079870e-02
1.549495039314631624e-02
1.567455410205595076e-02
1.585623961771137277e-02
1.604003107056820032e-02
1.622595287078087284e-02
1.641402971144466372e-02
1.660428657187529647e-02
1.679674872092653051e-02
1.699144172034626130e-02
1.718839142817145740e-02
1.738762400216250364e-02
1.758916590327732482e-02
1.779304389918577242e-02
1.799928506782476345e-02
1.820791680099462587e-02
1.841896680799710861e-02
1.863246311931559748e-02
1.884843409033795311e-02
1.906690840512251933e-02
1.928791508020777715e-02
1.951148346846616477e-02
1.973764326300255292e-02
1.996642450109793396e-02
2.019785756819878278e-02
2.043197320195270367e-02
2.066880249629082095e-02
2.090837690555749986e-02
2.115072824868794582e-02
2.139588871343421628e-02
2.164389086064020390e-02
2.189476762856620851e-02
2.214855233726359396e-02
2.240527869300018224e-02
2.266498079273692942e-02
2.292769312865648723e-02
2.319345059274427467e-02
2.346228848142262527e-02
2.373424250023866214e-02
2.400934876860651851e-02
2.428764382460450386e-02
2.456916462982790261e-02
2.485394857429798487e-02
2.514203348142796460e-02
2.543345761304649510e-02
2.572825967447933335e-02
2.602647881969005761e-02
2.632815465648021339e-02
2.663332725174982069e-02
2.694203713681883605e-02
2.725432531281029094e-02
2.757023325609583853e-02
2.788980292380440970e-02
2.821307675939472084e-02
2.854009769829238957e-02
2.887090917359236286e-02
2.920555512182746588e-02
2.954407998880381400e-02
2.988652873550384087e-02
3.023294684405777866e-02
3.058338032378433297e-02
3.093787571730138158e-02
3.129648010670751934e-02
3.165924111983522277e-02
3.202620693657651924e-02
3.239742629528197249e-02
3.277294849923383796e-02
3.315282342319424841e-02
3.353710152002930406e-02
3.392583382740993470e-02
3.431907197459044268e-02
3.471686818926561502e-02
3.511927530450729279e-02
3.552634676578141082e-02
3.593813663804627800e-02
3.635469961293319452e-02
3.677609101601032882e-02
3.720236681413068014e-02
3.763358362286534781e-02
3.806979871402285664e-02
3.851107002325571127e-02
3.895745615775503268e-02
3.940901640403449840e-02
3.986581073580440504e-02
4.032789982193707434e-02
4.079534503452451194e-02
4.126820845702953988e-02
4.174655289253136753e-02
4.223044187206674571e-02
4.271993966306778662e-02
4.321511127789764289e-02
4.371602248248504519e-02
4.422273980505899565e-02
4.473533054498465139e-02
4.525386278170168836e-02
4.577840538376618668e-02
4.630902801799739038e-02
4.684580115873047956e-02
4.738879609717653457e-02
4.793808495089109389e-02
4.849374067335235350e-02
4.905583706365047869e-02
4.962444877628915951e-02
5.019965133110081829e-02
5.078152112327673218e-02
5.137013543351340999e-02
5.196557243827659711e-02
5.256791122018421997e-02
5.317723177850969263e-02
5.379361503980700093e-02
5.441714286865890343e-02
5.504789807854970629e-02
5.568596444286411790e-02
5.633142670601355012e-02
5.698437059469139282e-02
5.764488282925876034e-02
5.831305113526221579e-02
5.898896425508496494e-02
5.967271195973313652e-02
6.036438506075866850e-02
6.106407542232039631e-02
6.177187597338491126e-02
6.248788072006890987e-02
6.321218475812451221e-02
6.394488428556943660e-02
6.468607661546327270e-02
6.543586018883235100e-02
6.619433458774394430e-02
6.696160054853221577e-02
6.773775997517751668e-02
6.852291595284064341e-02
6.931717276155408003e-02
7.012063589007183628e-02
7.093341204987996251e-02
7.175560918936928212e-02
7.258733650817253413e-02
7.342870447166766068e-02
7.427982482564918221e-02
7.514081061116970051e-02
7.601177617955330590e-02
7.689283720758313678e-02
7.778411071286489564e-02
7.868571506936851423e-02
7.959777002314985528e-02
8.052039670825478224e-02
8.145371766280745662e-02
8.239785684528519449e-02
8.335293965098194979e-02
8.431909292866258954e-02
8.529644499741025065e-02
8.628512566366895731e-02
8.728526623848380239e-02
8.829699955494091368e-02
8.932045998580968871e-02
9.035578346138929684e-02
9.140310748756232118e-02
9.246257116405742771e-02
9.353431520292386503e-02
9.461848194722001504e-02
9.571521538991865918e-02
9.682466119303123619e-02
9.794696670695395013e-02
9.908228099003797695e-02
1.002307548283865452e-01
1.013925407558815273e-01
1.025677930744421928e-01
1.037566678745185933e-01
1.049593230558227702e-01
1.061759183483000080e-01
1.074066153333433360e-01
1.086515774652538346e-01
1.099109700929497280e-01
1.111849604819270948e-01
1.124737178364751955e-01
1.137774133221491346e-01
1.150962200885032316e-01
1.164303132920876810e-01
1.177798701197119297e-01
1.191450698119776025e-01
1.205260936870842653e-01
1.219231251649110781e-01
1.233363497913776002e-01
1.247659552630869806e-01
1.262121314522547388e-01
1.276750704319265795e-01
1.291549665014883885e-01
1.306520162124721329e-01
1.321664183946605065e-01
1.336983741824946670e-01
1.352480870417875347e-01
1.368157627967472034e-01
1.384016096573131571e-01
1.400058382468097606e-01
1.416286616299198831e-01
1.432702953409830948e-01
1.449309574126216582e-01
1.466108684046984467e-01
1.483102514336104294e-01
1.500293322019218278e-01
1.517683390283405265e-01
1.535275028780422601e-01
1.553070573933459930e-01
1.571072389247450407e-01
1.589282865622977936e-01
1.607704421673823714e-01
1.626339504048192330e-01
1.645190587753662392e-01
1.664260176485903575e-01
1.683550802961202297e-01
1.703065029252844309e-01
1.722805447131393886e-01
1.742774678408919031e-01
1.762975375287205715e-01
1.783410220710008043e-01
1.804081928719382666e-01
1.824993244816152382e-01
1.846146946324547511e-01
1.867545842761076103e-01
1.889192776207666291e-01
1.911090621689137958e-01
1.933242287555045347e-01
1.955650715865949185e-01
1.978318882784164401e-01
2.001249798969036986e-01
2.024446509976803865e-01
2.047912096665085446e-01
2.071649675602068863e-01
2.095662399480432980e-01
2.119953457536070951e-01
2.144526075971667500e-01
2.169383518385184229e-01
2.194529086203313717e-01
2.219966119119954895e-01
2.245697995539774061e-01
2.271728133026905128e-01
2.298059988758850980e-01
2.324697059985647851e-01
2.351642884494348495e-01
2.378901041078893275e-01
2.406475150015424114e-01
2.434368873543110434e-01
2.462585916350546744e-01
2.491130026067788494e-01
2.520004993764092260e-01
2.549214654451423256e-01
2.578762887593800679e-01
2.608653617622547771e-01
2.638890814457510170e-01
2.669478494034320804e-01
2.700420718837772682e-01
2.731721598441376186e-01
2.763385290053169685e-01
2.795415999067856205e-01
2.827817979625341094e-01
2.860595535175741722e-01
2.893753019050950281e-01
2.927294835042815735e-01
2.961225437988034281e-01
2.995549334359813298e-01
3.030271082866396459e-01
3.065395295056526637e-01
3.100926635931926523e-01
3.136869824566876352e-01
3.173229634734976434e-01
3.210010895543171650e-01
3.247218492073128959e-01
3.284857366030043413e-01
3.322932516398971470e-01
3.361449000108764906e-01
3.400411932703706341e-01
3.439826489022924649e-01
3.479697903887691290e-01
3.520031472796679162e-01
3.560832552629277781e-01
3.602106562357070274e-01
3.643858983763544335e-01
3.686095362172157608e-01
3.728821307182833555e-01
3.772042493416997710e-01
3.815764661271248692e-01
3.859993617679767230e-01
3.904735236885559790e-01
3.949995461220642823e-01
3.995780301895269782e-01
4.042095839796308043e-01
4.088948226294862320e-01
4.136343684063275572e-01
4.184288507901582355e-01
4.232789065573550613e-01
4.281851798652413499e-01
4.331483223376400571e-01
4.381689931514192171e-01
4.432478591240398003e-01
4.483855948021188698e-01
4.535828825510188622e-01
4.588404126454759258e-01
4.641588833612779741e-01
4.695390010680060566e-01
4.749814803228502025e-01
4.804870439655131720e-01
4.860564232142136620e-01
4.916903577628028987e-01
4.973895958790064964e-01
5.031548945038054610e-01
5.089870193519682173e-01
5.148867450137495361e-01
5.208548550577662972e-01
5.268921421350674095e-01
5.329994080844090432e-01
5.391774640387502204e-01
5.454271305329833064e-01
5.517492376129126130e-01
5.581446249454963260e-01
5.646141419303669640e-01
5.711586478126432498e-01
5.777790117970503792e-01
5.844761131633634532e-01
5.912508413831878418e-01
5.981040962380941295e-01
6.050367879391220782e-01
6.120498372476699256e-01
6.191441755977844519e-01
6.263207452198689129e-01
6.335804992658250478e-01
6.409244019356453714e-01
6.483534286054724038e-01
6.558685659571431570e-01
6.634708121092347533e-01
6.711611767496283854e-01
6.789406812696109350e-01
6.868103588995303488e-01
6.947712548460236448e-01
7.028244264308348699e-01
7.109709432312434352e-01
7.192118872221189285e-01
7.275483529196228316e-01
7.359814475265766820e-01
7.445122910795138882e-01
7.531420165974371805e-01
7.618717702322995722e-01
7.707027114212299246e-01
7.796360130405233235e-01
7.886728615614151394e-01
7.978144572076625307e-01
8.070620141149503768e-01
8.164167604921467314e-01
8.258799387844267814e-01
8.354528058382867384e-01
8.451366330684717543e-01
8.549327066268380682e-01
8.648423275731722537e-01
8.748668120479909938e-01
8.850074914473433640e-01
8.952657125996396070e-01
9.056428379445289334e-01
9.161402457138516642e-01
9.267593301146878071e-01
9.375015015145284902e-01
9.483681866285922357e-01
9.593608287093141618e-01
9.704808877380302068e-01
9.817298406188835758e-01
9.931091813749796104e-01
1.004620421346813064e+00
1.016265089392995202e+00
1.028044732093309710e+00
1.039960913954120381e+00
1.052015217616159015e+00
1.064209244064724613e+00
1.076544612842315951e+00
1.089022962263730410e+00
1.101645949633657029e+00
1.114415251466788215e+00
1.127332563710487179e+00
1.140399601970033094e+00
1.153618101736478607e+00
1.166989818617147456e+00
1.180516528568805512e+00
1.194200028133532543e+00
1.208042134677328905e+00
1.222044686631488686e+00
1.236209543736769056e+00
1.250538587290391357e+00
1.265033720395903893e+00
1.279696868215941530e+00
1.294529978227916045e+00
1.309535020482667678e+00
1.324713987866117382e+00
1.340068896363950657e+00
1.355601785329368925e+00
1.371314717753945533e+00
1.387209780541621029e+00
1.403289084785873220e+00
1.419554766050101557e+00
1.436008984651260700e+00
1.452653925946781222e+00
1.469491800624817213e+00
1.486524844997857198e+00
1.503755321299738323e+00
1.521185517986104907e+00
1.538817750038346421e+00
1.556654359271061994e+00
1.574697714643086721e+00
1.592950212572122881e+00
1.611414277253019778e+00
1.630092360979741084e+00
1.648986944471064975e+00
1.668100537200059241e+00
1.687435677727375793e+00
1.706994934038407852e+00
1.726780903884356011e+00
1.746796215127245810e+00
1.767043526088946548e+00
1.787525525904235524e+00
1.808244934877951682e+00
1.829204504846293711e+00
1.850407019542302134e+00
1.871855294965579342e+00
1.893552179756295306e+00
1.915500555573527830e+00
1.937703337477988841e+00
1.960163474319185584e+00
1.982883949127071332e+00
2.005867779508233806e+00
2.029118018046677907e+00
2.052637752709252084e+00
2.076430107255774704e+00
2.100498241653915521e+00
2.124845352498883067e+00
2.149474673437980599e+00
2.174389475600079891e+00
2.199593068030074594e+00
2.225088798128369572e+00
2.250880052095461714e+00
2.276970255381680186e+00
2.303362873142131395e+00
2.330061410696924629e+00
2.357069413996727647e+00
2.384390470093720626e+00
2.412028207618007070e+00
2.439986297259550074e+00
2.468268452255692580e+00
2.496878428884326873e+00
2.525820026962784848e+00
2.555097090352507205e+00
2.584713507469563964e+00
2.614673211801092023e+00
2.644980182427719928e+00
2.675638444552045137e+00
2.706652070033241486e+00
2.738025177927857712e+00
2.769761935036890943e+00
2.801866556459195134e+00
2.834343306151309250e+00
2.867196497493769591e+00
2.900430493863991543e+00
2.934049709215786894e+00
2.968058608665602449e+00
3.002461709085549213e+00
3.037263579703311400e+00
3.072468842709003667e+00
3.108082173869064047e+00
3.144108303147264749e+00
3.180552015332919868e+00
3.217418150676371713e+00
3.254711605531848129e+00
3.292437333007768974e+00
3.330600343624588788e+00
3.369205705980267140e+00
3.408258547423451912e+00
3.447764054734464345e+00
3.487727474814177775e+00
3.528154115380882860e+00
3.569049345675229468e+00
3.610418597173337130e+00
3.652267364308175335e+00
3.694601205199302463e+00
3.737425742391064176e+00
3.780746663599349411e+00
3.824569722466999000e+00
3.868900739327975735e+00
3.913745601980383793e+00
3.959110266468458761e+00
4.005000757873610873e+00
4.051423171114647559e+00
4.098383671757261482e+00
4.145888496832911052e+00
4.193943955667186252e+00
4.242556430717777438e+00
4.291732378422157268e+00
4.341478330055092094e+00
4.391800892596085859e+00
4.442706749606882610e+00
4.494202662119142211e+00
4.546295469532399380e+00
4.598992090522438403e+00
4.652299523960189198e+00
4.706224849841281532e+00
4.760775230226368393e+00
4.815957910192350866e+00
4.871780218794630635e+00
4.928249570040513561e+00
4.985373463873894018e+00
5.043159487171358535e+00
5.101615314749833985e+00
5.160748710385907323e+00
5.220567527846974976e+00
5.281079711934331122e+00
5.342293299538352080e+00
5.404216420705915347e+00
5.466857299720180308e+00
5.530224256192900256e+00
5.594325706169377632e+00
5.659170163246242780e+00
5.724766239702178794e+00
5.791122647641758547e+00
5.858248200152536000e+00
5.926151812475552560e+00
5.994842503189408589e+00
6.064329395408061707e+00
6.134621717992506440e+00
6.205728806776500406e+00
6.277660105806499580e+00
6.350425168595961622e+00
6.424033659394190465e+00
6.498495354469888241e+00
6.573820143409585093e+00
6.650018030431118277e+00
6.727099135712336420e+00
6.805073696735206568e+00
6.883952069645496330e+00
6.963744730628222079e+00
7.044462277299037289e+00
7.126115430111745752e+00
7.208715033782135073e+00
7.292272058728312523e+00
7.376797602527730646e+00
7.462302891391107806e+00
7.548799281653431059e+00
7.636298261282241207e+00
7.724811451403399865e+00
7.814350607844541940e+00
7.904927622696420464e+00
7.996554525892346277e+00
8.089243486805937522e+00
8.183006815867390316e+00
8.277856966198472222e+00
8.373806535266488993e+00
8.470868266557403103e+00
8.569055051268346546e+00
8.668379930019774804e+00
8.768856094587427208e+00
8.870496889654402750e+00
8.973315814583520122e+00
9.077326525210223096e+00
9.182542835656281710e+00
9.288978720164497105e+00
9.396648314954690662e+00
9.505565920101190613e+00
9.615746001432095014e+00
9.727203192450536662e+00
9.839952296278227095e+00
9.954008287621517681e+00
1.006938631476027091e+01
1.018610170155975325e+01
1.030416994950587473e+01
1.042360673976401131e+01
1.054442793526168387e+01
1.066664958279538844e+01
1.079028791516183539e+01
1.091535935331391016e+01
1.104188050854160252e+01
1.116986818467822573e+01
1.129933938033221708e+01
1.143031129114478617e+01
1.156280131207375383e+01
1.169682703970384630e+01
1.183240627458378036e+01
1.196955702359042739e+01
1.210829750232039359e+01
1.224864613750930786e+01
1.239062156947915661e+01
1.253424265461399401e+01
1.267952846786433874e+01
1.282649830528059809e+01
1.297517168657586772e+01
1.312556835771842678e+01
1.327770829355429072e+01
1.343161170046015407e+01
1.358729901902709258e+01
1.374479092677536585e+01
1.390410834090069692e+01
1.406527242105236475e+01
1.422830457214351974e+01
1.439322644719406519e+01
1.456005995020648491e+01
1.472882723907501834e+01
1.489955072852853668e+01
1.507225309310755534e+01
1.524695727017573077e+01
1.542368646296627333e+01
1.560246414366367951e+01
1.578331405652116537e+01
1.596626022101425058e+01
1.615132693503091232e+01
1.633853877809861999e+01
1.652792061464895568e+01
1.671949759731990071e+01
1.691329517029648599e+01
1.710933907269015108e+01
1.730765534195725763e+01
1.750827031735725114e+01
1.771121064345088669e+01
1.791650327363901241e+01
1.812417547374237614e+01
1.833425482562290654e+01
1.854676923084699425e+01
1.876174691439121389e+01
1.897921642839101608e+01
1.919920665593284781e+01
1.942174681489026611e+01
1.964686646180446417e+01
1.987459549580983875e+01
2.010496416260498975e+01
2.033800305846981971e+01
2.057374313432913837e+01
2.081221569986339404e+01
2.105345242766706093e+01
2.129748535745521210e+01
2.154434690031884614e+01
2.179406984302955763e+01
2.204668735239409827e+01
2.230223297965938656e+01
2.256074066496861619e+01
2.282224474186898533e+01
2.308677994187169702e+01
2.335438139906479194e+01
2.362508465477947439e+01
2.389892566231050353e+01
2.417594079169130694e+01
2.445616683452446694e+01
2.473964100886814066e+01
2.502640096417919224e+01
2.531648478631355559e+01
2.560993100258459521e+01
2.590677858688008683e+01
2.620706696483852483e+01
2.651083601908538867e+01
2.681812609453015739e+01
2.712897800372467216e+01
2.744343303228365372e+01
2.776153294436801033e+01
2.808331998823172526e+01
2.840883690183304111e+01
2.873812691851066248e+01
2.907123377272578324e+01
2.940820170587063842e+01
2.974907547214440484e+01
3.009390034449721085e+01
3.044272212064302607e+01
3.079558712914226604e+01
3.115254223555487911e+01
3.151363484866479325e+01
3.187891292677645794e+01
3.224842498408442282e+01
3.262222009711669557e+01
3.300034791125285238e+01
3.338285864731761166e+01
3.376980310825091181e+01
3.416123268585528194e+01
3.455719936762139355e+01
3.495775574363275240e+01
3.536295501355042603e+01
3.577285099367873755e+01
3.618749812411280686e+01
3.660695147596902643e+01
3.703126675869926743e+01
3.746050032748993175e+01
3.789470919074667421e+01
3.833395101766601698e+01
3.877828414589457395e+01
3.922776758927719243e+01
3.968246104569481503e+01
4.014242490499322003e+01
4.060772025700365617e+01
4.107840889965646625e+01
4.155455334718875093e+01
4.203621683844713885e+01
4.252346334528682092e+01
4.301635758106795038e+01
4.351496500925049560e+01
4.401935185208874657e+01
4.452958509942655496e+01
4.504573251759458685e+01
4.556786265841063965e+01
4.609604486828433778e+01
4.663034929742731549e+01
4.717084690917017298e+01
4.771760948938745628e+01
4.827070965603183339e+01
4.883022086877879531e+01
4.939621743878320359e+01
4.996877453854883555e+01
5.054796821191240497e+01
5.113387538414325917e+01
5.172657387216018776e+01
5.232614239486662200e+01
5.293266058360561033e+01
5.354620899273607648e+01
5.416686911033151830e+01
5.479472336900287388e+01
5.542985515684669195e+01
5.607234882852032598e+01
5.672228971644543805e+01
5.737976414214134024e+01
5.804485942768977935e+01
5.871766390733255747e+01
5.939826693920356604e+01
6.008675891719686746e+01
6.078323128297230227e+01
6.148777653810022770e+01
6.220048825634711420e+01
6.292146109610344240e+01
6.365079081295571228e+01
6.438857427240419895e+01
6.513490946272803228e+01
6.588989550799949768e+01
6.665363268124913532e+01
6.742622241778342129e+01
6.820776732865685688e+01
6.899837121430017817e+01
6.979813907830660469e+01
7.060717714137773271e+01
7.142559285543126180e+01
7.225349491787214617e+01
7.309099328602910361e+01
7.393819919175865607e+01
7.479522515621820844e+01
7.566218500481055287e+01
7.653919388230147547e+01
7.742636826811269657e+01
7.832382599179196347e+01
7.923168624866254106e+01
8.015006961565404708e+01
8.107909806731686331e+01
8.201889499202202671e+01
8.296958520834907347e+01
8.393129498166364044e+01
8.490415204088746748e+01
8.588828559546249153e+01
8.688382635251184638e+01
8.789090653419954435e+01
8.890965989529158264e+01
8.994022174092043542e+01
9.098272894455558912e+01
9.203731996618220990e+01
9.310413487069075700e+01
9.418331534647951742e+01
9.527500472427290390e+01
9.637934799615786119e+01
9.749649183484086734e+01
9.862658461312820180e+01
9.976977642363200971e+01
1.009262190987048342e+02
1.020960662306047624e+02
1.032794731918952493e+02
1.044765971560805298e+02
1.056875971184805110e+02
1.069126339173477191e+02
1.081518702552289284e+02
1.094054707205743568e+02
1.106736018095974572e+02
1.119564319483879444e+02
1.132541315152812587e+02
1.145668728634872622e+02
1.158948303439811838e+02
1.172381803286599791e+02
1.185971012337670629e+02
1.199717735435885544e+02
1.213623798344241749e+02
1.227691047988360395e+02
1.241921352701784684e+02
1.256316602474121424e+02
1.270878709202059440e+02
1.285609606943296512e+02
1.300511252173409957e+02
1.315585624045705231e+02
1.330834724654075956e+02
1.346260579298910898e+02
1.361865236756082709e+02
1.377650769549055099e+02
1.393619274224143396e+02
1.409772871628967721e+02
1.426113707194129745e+02
1.442643951218158804e+02
1.459365799155757770e+02
1.476281471909391030e+02
1.493393216124253229e+02
1.510703304486655725e+02
1.528214036025870826e+02
1.545927736419478435e+02
1.563846758302247792e+02
1.581973481578601479e+02
1.600310313738701780e+02
1.618859690178199173e+02
1.637624074521689010e+02
1.656605958949915305e+02
1.675807864530768825e+02
1.695232341554121263e+02
1.714881969870540956e+02
1.734759359233932514e+02
1.754867149648152065e+02
1.775208011717635941e+02
1.795784647002096790e+02
1.816599788375328615e+02
1.837656200388172465e+02
1.858956679635688261e+02
1.880504055128583332e+02
1.902301188668945713e+02
1.924350975230332210e+02
1.946656343342263256e+02
1.969220255479173431e+02
1.992045708453871384e+02
2.015135733815558581e+02
2.038493398252464317e+02
2.062121803999144447e+02
2.086024089248504936e+02
2.110203428568596564e+02
2.134663033324245589e+02
2.159406152103567536e+02
2.184436071149428358e+02
2.209756114795903272e+02
2.235369645909796645e+02
2.261280066337279493e+02
2.287490817355703996e+02
2.314005380130654146e+02
2.340827276178294198e+02
2.367960067833078597e+02
2.395407358720879358e+02
2.423172794237600556e+02
2.451260062033339864e+02
2.479672892502159982e+02
2.508415059277541275e+02
2.537490379733571615e+02
2.566902715491951881e+02
2.596655972934872239e+02
2.626754103723838512e+02
2.657201105324506898e+02
2.688001021537607471e+02
2.719157943036018992e+02
2.750676007908067504e+02
2.782559402207126027e+02
2.814812360507581275e+02
2.847439166467247560e+02
2.880444153396297793e+02
2.913831704832788887e+02
2.947606255124858876e+02
2.981772290019673619e+02
3.016334347259196988e+02
3.051297017182870945e+02
3.086664943337274281e+02
3.122442823092857793e+02
3.158635408267819003e+02
3.195247505759213595e+02
3.232283978181380917e+02
3.269749744511768199e+02
3.307649780744242776e+02
3.345989120549974700e+02
3.384772855945982997e+02
3.424006137971425687e+02
3.463694177371734213e+02
3.503842245290675805e+02
3.544455673970435328e+02
3.585539857459817199e+02
3.627100252330648118e+02
3.669142378402493705e+02
3.711671819475766938e+02
3.754694224073336954e+02
3.798215306190735987e+02
3.842240846055061070e+02
3.886776690892667716e+02
3.931828755705770391e+02
3.977403024058036749e+02
4.023505548869293307e+02
4.070142453219438607e+02
4.117319931161679278e+02
4.165044248545185042e+02
4.213321743847288872e+02
4.262158829015324955e+02
4.311561990318228368e+02
4.361537789208005620e+02
4.412092863191189736e+02
4.463233926710397554e+02
4.514967772036101792e+02
4.567301270168746896e+02
4.620241371751312727e+02
4.673795107992463613e+02
4.727969591600390800e+02
4.782772017727485263e+02
4.838209664925957441e+02
4.894289896114531757e+02
4.951020159556351246e+02
5.008407989848212196e+02
5.066461008921268672e+02
5.125186927053332511e+02
5.184593543892913203e+02
5.244688749495119282e+02
5.305480525369574707e+02
5.366976945540476436e+02
5.429186177618943248e+02
5.492116483887789400e+02
5.555776222398877735e+02
5.620173848083187522e+02
5.685317913873753923e+02
5.751217071841613233e+02
5.817880074344935792e+02
5.885315775191450030e+02
5.953533130814370224e+02
6.022541201461928040e+02
6.092349152400711318e+02
6.162966255132942024e+02
6.234401888627863855e+02
6.306665540567405515e+02
6.379766808606282211e+02
6.453715401646701366e+02
6.528521141127847613e+02
6.604193962330305112e+02
6.680743915695614987e+02
6.758181168161110008e+02
6.836516004510237963e+02
6.915758828738524926e+02
6.995920165435373974e+02
7.077010661181889191e+02
7.159041085964888680e+02
7.242022334607315770e+02
7.325965428215230304e+02
7.410881515641569877e+02
7.496781874966876558e+02
7.583677914997190328e+02
7.671581176779302496e+02
7.760503335133571454e+02
7.850456200204508832e+02
7.941451719029339529e+02
8.033501977124734594e+02
8.126619200091945459e+02
8.220815755240540739e+02
8.316104153230961629e+02
8.412497049736118697e+02
8.510007247122246099e+02
8.608647696149245121e+02
8.708431497690723972e+02
8.809371904473990753e+02
8.911482322840201959e+02
9.014776314524917780e+02
9.119267598459298370e+02
9.224970052592174170e+02
9.331897715733239238e+02
9.440064789417602924e+02
9.549485639791965923e+02
9.660174799522645799e+02
9.772146969725724830e+02
9.885417021919573699e+02
1.000000000000000000e+03
