2.716482872493075320e+03
2.693989232740266743e+03
2.671666613228623646e+03
2.649519414523008436e+03
2.627527010505056296e+03
2.605704712246053987e+03
2.584050100985208701e+03
2.562558044830803738e+03
2.541227661249218272e+03
2.520058568451959673e+03
2.499048763010457606e+03
2.478198385044248880e+03
2.457505818288406772e+03
2.436969883473560913e+03
2.416584167442503258e+03
2.396361128140044457e+03
2.376291794984422268e+03
2.356370667602233880e+03
2.336600334499477412e+03
2.316980538811629685e+03
2.297509640544388731e+03
2.278188184474007812e+03
2.259012279972549095e+03
2.239981895208569313e+03
2.221096057540173206e+03
2.202357572938529302e+03
2.183753919389774182e+03
2.165296385420801471e+03
2.146983480209715708e+03
2.128810324279022097e+03
2.110776005982617789e+03
2.092876658789974044e+03
2.075113553086390766e+03
2.057485971617656105e+03
2.039991886851870731e+03
2.022626745871129742e+03
2.005400062419093729e+03
1.988302195859809217e+03
1.971331794713579484e+03
1.954490434540827891e+03
1.937777063912071981e+03
1.921190937326710582e+03
1.904730079696502571e+03
1.888393961276633263e+03
1.872184481302614586e+03
1.856094232933670128e+03
1.840124595754390839e+03
1.824278632935186351e+03
1.808552739980865454e+03
1.792944994886931681e+03
1.777458240861259128e+03
1.762090282482764451e+03
1.746839242853917085e+03
1.731701872208873056e+03
1.716682555265353813e+03
1.701777436995309245e+03
1.686983102391595139e+03
1.672301521527021805e+03
1.657730654408790997e+03
1.643268081181202888e+03
1.628916076853502091e+03
1.614673128280306628e+03
1.600537912359802931e+03
1.586507471034820355e+03
1.572583711760501046e+03
1.558765379547564180e+03
1.545049102580922863e+03
1.531440104679023534e+03
1.517932103383168169e+03
1.504524786934719259e+03
1.491219913419734894e+03
1.478015618988348479e+03
1.464911954128845082e+03
1.451908111762636281e+03
1.439002237106311441e+03
1.426191631944850769e+03
1.413478695808614702e+03
1.400860604819008586e+03
1.388339028566510933e+03
1.375912611298429738e+03
1.363578527053779453e+03
1.351337366917872941e+03
1.339188285087706845e+03
1.327130819032689715e+03
1.315164797891617809e+03
1.303289316026107144e+03
1.291501626230840429e+03
1.279803478152332445e+03
1.268192881017780792e+03
1.256672257105861945e+03
1.245239062161644370e+03
1.233891324538209801e+03
1.222629306448319994e+03
1.211451486679713980e+03
1.200358428118023085e+03
1.189349607210567683e+03
1.178422743270189812e+03
1.167578294237597220e+03
1.156815028593084890e+03
1.146134274005285533e+03
1.135534567413610830e+03
1.125014454005278594e+03
1.114573436389474864e+03
1.104210466212734445e+03
1.093926826970243383e+03
1.083721240885469570e+03
1.073593518528697587e+03
1.063542419087090366e+03
1.053567263876570905e+03
1.043668832099475821e+03
1.033845516022557149e+03
1.024097602488567190e+03
1.014422444843431435e+03
1.004821643320378826e+03
9.952937872129227799e+02
9.858402442051884691e+02
9.764584210867062666e+02
9.671483059921395125e+02
9.579087198466040718e+02
9.487403532371361052e+02
9.396423630392135919e+02
9.306139309381441080e+02
9.216542987272366645e+02
9.127637403511699858e+02
9.039417948237265819e+02
8.951880487430977382e+02
8.865006600534218251e+02
8.778802434452942407e+02
8.693260721260073751e+02
8.608392229988327244e+02
8.524177968806827721e+02
8.440608375149718086e+02
8.357681194687908146e+02
8.275398465790264027e+02
8.193760788874965328e+02
8.112753372934512299e+02
8.032371624129970087e+02
7.952611385788953839e+02
7.873474731302858345e+02
7.794959927825096884e+02
7.717062311781526205e+02
7.639779701015783075e+02
7.563111468345711046e+02
7.487053232884836689e+02
7.411592464839415015e+02
7.336726352839903029e+02
7.262451152955636644e+02
7.188759207897714987e+02
7.115642203108319563e+02
7.043089753579820353e+02
6.971107109333480594e+02
6.899706075896823450e+02
6.828880024987074648e+02
6.758618800777873048e+02
6.688922336177246279e+02
6.619794965219601863e+02
6.551235276629848840e+02
6.483229477265938385e+02
6.415758736387790577e+02
6.348823517028928336e+02
6.282425709864199916e+02
6.216554170322884829e+02
6.151194384630412060e+02
6.086352255100121056e+02
6.022039086652072228e+02
5.958252449367948884e+02
5.894981121415586358e+02
5.832229601359767912e+02
5.770009995457131708e+02
5.708319462868031451e+02
5.647140435783160228e+02
5.586468429429104390e+02
5.526307086657374157e+02
5.466647342293277916e+02
5.407467624114939326e+02
5.348762928989967804e+02
5.290537931435943619e+02
5.232784618329050090e+02
5.175488378260540685e+02
5.118653711347347439e+02
5.062292727793309268e+02
5.006402621765244589e+02
4.950977165629502110e+02
4.896025846410522036e+02
4.841553492022936780e+02
4.787553245486265610e+02
4.734023487698393637e+02
4.680965391647295064e+02
4.628371398481194774e+02
4.576235215078717715e+02
4.524549782370337994e+02
4.473305379630080552e+02
4.422497445897865305e+02
4.372117732889540775e+02
4.322150479614515461e+02
4.272594890523918707e+02
4.223453679800414875e+02
4.174714015299109633e+02
4.126376785843436323e+02
4.078451148180747623e+02
4.030933194194336124e+02
3.983823364967676071e+02
3.937126848303439601e+02
3.890845189111027480e+02
3.844981258344402022e+02
3.799530131494401530e+02
3.754496132180649397e+02
3.709881349447212529e+02
3.665673900796267048e+02
3.621874308014029680e+02
3.578480712549815053e+02
3.535483668435600180e+02
3.492877745472359834e+02
3.450656312071126877e+02
3.408818058498684991e+02
3.367349087108042909e+02
3.326246863761446093e+02
3.285508057452829007e+02
3.245123509106154529e+02
3.205090238562333980e+02
3.165407892096062028e+02
3.126075580323907275e+02
3.087086728991520204e+02
3.048446833500828461e+02
3.010154254856655029e+02
2.972206926917528449e+02
2.934606423623441742e+02
2.897357357665173936e+02
2.860455724088814691e+02
2.823904747183080985e+02
2.787706293913043396e+02
2.751858291783877917e+02
2.716359052053770142e+02
2.681212083814296534e+02
2.646411089955490183e+02
2.611954807330775452e+02
2.577842603785368851e+02
2.544068994975298494e+02
2.510630469701073650e+02
2.477526645838954380e+02
2.444751860755933421e+02
2.412302166763627440e+02
2.380177286792273321e+02
2.348368774035750732e+02
2.316875604852141635e+02
2.285694453681238940e+02
2.254818871317560536e+02
2.224248559610238942e+02
2.193978693512470386e+02
2.164004996970944887e+02
2.134327753219674833e+02
2.104941202593236653e+02
2.075844696635055016e+02
2.047037482258482726e+02
2.018515165034673657e+02
1.990279467207511175e+02
1.962327424684716846e+02
1.934658663708258359e+02
1.907272546242855640e+02
1.880167709068799695e+02
1.853346245700429051e+02
1.826805926460847900e+02
1.800548212037010103e+02
1.774571188960764232e+02
1.748873446220367782e+02
1.723452766186035205e+02
1.698305273747324691e+02
1.673430117633568841e+02
1.648824019591398553e+02
1.624487150941052107e+02
1.600416828829442011e+02
1.576614609773210134e+02
1.553079949020905985e+02
1.529814687056651223e+02
1.506816568932783582e+02
1.484084948151992762e+02
1.461615437215380666e+02
1.439405767694702547e+02
1.417451096500420817e+02
1.395747706991112409e+02
1.374290901955206436e+02
1.353076934281019987e+02
1.332104064274587074e+02
1.311370255155598841e+02
1.290875222667168032e+02
1.270618900745255360e+02
1.250601286130631280e+02
1.230823366741831677e+02
1.211284833377709873e+02
1.191985235884833116e+02
1.172922206399668852e+02
1.154092812902868701e+02
1.135492654479123189e+02
1.117118084830960782e+02
1.098964591019133650e+02
1.081028418190632436e+02
1.063305776191434404e+02
1.045793549399389377e+02
1.028490407828401061e+02
1.011395830742309272e+02
9.945101712196742483e+01
9.778343721946018263e+01
9.613694086286574247e+01
9.451164088548704001e+01
9.290758977772574667e+01
9.132484180000268736e+01
8.976334666112968819e+01
8.822301834959482392e+01
8.670361030341513242e+01
8.520484156023846367e+01
8.372630771717238929e+01
8.226760777888377163e+01
8.082827130339069299e+01
7.940787872821617555e+01
7.800603747220311845e+01
7.662241457062467020e+01
7.525677078878032944e+01
7.390895625922314593e+01
7.257890843051947627e+01
7.126663326315654956e+01
6.997218923956043568e+01
6.869566208273194263e+01
6.743713761214640101e+01
6.619670036273326730e+01
6.497441474733913935e+01
6.377032667741663374e+01
6.258442182222015049e+01
6.141663001787883758e+01
6.026677860325523284e+01
5.913467221836686605e+01
5.802014379311503944e+01
5.692297497533035511e+01
5.584287834527723504e+01
5.477951287221775090e+01
5.373248769552848358e+01
5.270137109395919595e+01
5.168569852728534642e+01
5.068505168584324849e+01
4.969912364408958894e+01
4.872766511646653242e+01
4.777051874831872880e+01
4.682759047775505223e+01
4.589892201096773761e+01
4.498457564396484543e+01
4.408459268858834434e+01
4.319898446326172348e+01
4.232769788122588039e+01
4.147066169267335312e+01
4.062775608951100281e+01
3.979884587147770958e+01
3.898376452417171123e+01
3.818234578456895889e+01
3.739451176228003249e+01
3.662019061070237314e+01
3.585937217371721886e+01
3.511201876529941046e+01
3.437811807461714153e+01
3.365761956900624341e+01
3.295047213329389990e+01
3.225656841427132093e+01
3.157569877790912471e+01
3.090757740357585703e+01
3.025185373200510242e+01
2.960812648729892871e+01
2.897600216617868085e+01
2.835508178381999755e+01
2.774500234586726677e+01
2.714540872564763774e+01
2.655606450257625539e+01
2.597680849057610786e+01
2.540759003024228591e+01
2.484839470453861665e+01
2.429924979466725787e+01
2.376020526395629773e+01
2.323131527342976455e+01
2.271260902950520233e+01
2.220407346852947583e+01
2.170564315803474642e+01
2.121718536929032339e+01
2.073853857922551214e+01
2.026956432793980056e+01
1.981006348940666939e+01
1.935979419688079162e+01
1.891846398398493534e+01
1.848578377475878654e+01
1.806146371924056737e+01
1.764524200117541852e+01
1.723693348075611809e+01
1.683645035943883528e+01
1.644376980737910543e+01
1.605892657817155111e+01
1.568200260923455680e+01
1.531314592166443234e+01
1.495249768942568913e+01
1.460015238236986335e+01
1.425614259993431432e+01
1.392039907314655522e+01
1.359278665988463608e+01
1.327309983157845608e+01
1.296107894196384969e+01
1.265642725026078530e+01
1.235882874715172264e+01
1.206803281333396427e+01
1.178379406978149468e+01
1.150593025932575131e+01
1.123426273461475589e+01
1.096865624193027244e+01
1.070897722120689721e+01
1.045511846190100158e+01
1.020697234455341906e+01
9.964367999605318715e+00
9.727135096609833553e+00
9.495069101084746777e+00
9.267984818916389145e+00
9.045699940972966147e+00
8.828067721275555613e+00
8.614955049950891564e+00
8.406276597012647400e+00
8.202058083502652863e+00
8.002388748571343413e+00
7.807381592072577092e+00
7.617151923562499150e+00
7.431792516473612942e+00
7.251358526083834022e+00
7.075849867142288474e+00
6.905214011735816726e+00
6.739379915555262279e+00
6.578260355492525413e+00
6.421720691806387826e+00
6.269594820884881514e+00
6.121706255969034061e+00
5.977893243318821881e+00
5.837952072120440761e+00
5.701646589006179155e+00
5.568731114992916176e+00
5.438949585914384599e+00
5.312075377125597520e+00
5.187901715693409521e+00
5.066261162370452986e+00
4.947033419455482139e+00
4.830159461987227232e+00
4.715659453290887981e+00
4.603586762559378265e+00
4.494065730867509600e+00
4.387224690332075738e+00
4.283204733923039242e+00
4.182115343117138728e+00
4.084050575977753894e+00
3.989030898442698536e+00
3.896987307702187042e+00
3.807839589019844428e+00
3.721440163811422952e+00
3.637605477824798150e+00
3.556117865255405075e+00
3.476747917472807980e+00
3.399261520925121349e+00
3.323430792705364123e+00
3.249095888841378343e+00
3.176166149765422553e+00
3.104636784728301624e+00
3.034541842384712140e+00
2.965968727443005104e+00
2.899043222478531412e+00
2.833915657412147127e+00
2.770699242190802547e+00
2.709466964432537317e+00
2.650225568727222480e+00
2.592933097549273036e+00
2.537503581638979711e+00
2.483813327472187193e+00
2.431710931569948553e+00
2.381025055144605052e+00
2.331619038869436888e+00
2.283390274854227631e+00
2.236268769988147387e+00
2.190223467093480370e+00
2.145267683542828152e+00
2.101478177979824391e+00
2.058935823779285634e+00
2.017715012629344162e+00
1.977840468932230866e+00
1.939293305637401987e+00
1.902019277723441926e+00
1.865912918954702571e+00
1.830866769830302498e+00
1.796770484113105359e+00
1.763519721715150368e+00
1.731005904813728735e+00
1.699150436853244184e+00
1.667929321107347373e+00
1.637334625622672624e+00
1.607360149751570377e+00
1.577986186803285618e+00
1.549187281293235019e+00
1.520932534273201853e+00
1.493175124558706823e+00
1.465860768866499964e+00
1.438922886027937720e+00
1.412295458606144249e+00
1.385937404855724919e+00
1.359843324522284957e+00
1.334017737752719590e+00
1.308472420341641573e+00
1.283217677873102369e+00
1.258273605447221888e+00
1.233667617988462251e+00
1.209433570439669481e+00
1.185595224523868563e+00
1.162189573517993235e+00
1.139252836500570742e+00
1.116824077939401638e+00
1.094947990154377715e+00
1.073681673460507913e+00
1.053084848839670462e+00
1.033196908076401854e+00
1.014063974041953031e+00
9.957095910487240298e-01
9.781522751963833695e-01
9.613895616089342955e-01
9.453955193862103590e-01
9.301391365528195454e-01
9.155732570683399185e-01
9.016533042867971304e-01
8.883119032509636526e-01
8.754755829228014763e-01
8.630479366982317657e-01
8.509181735954070014e-01
8.389669552713113765e-01
8.270888364306795415e-01
8.151913744766167147e-01
8.031683802608197142e-01
7.909324510035501410e-01
7.784241083661767036e-01
7.656210787210608881e-01
7.525220024730736590e-01
7.391487550353632585e-01
7.255488608878714052e-01
7.117817752778459184e-01
6.979376980843998712e-01
6.841205921035838911e-01
6.704459527711313926e-01
6.570249241474570567e-01
6.439689114199467213e-01
6.313808302886677604e-01
6.193445274176890836e-01
6.079227673803441201e-01
5.971511123299394486e-01
5.870464609308267967e-01
5.775936622763464534e-01
5.687529855442092774e-01
5.604515278155420832e-01
5.525924225475662421e-01
5.450620658220840520e-01
5.377290136031512846e-01
5.304615251713187263e-01
5.231334897749221335e-01
5.156456201185223298e-01
5.079241503414160253e-01
4.999236244153184572e-01
4.916377856860761342e-01
4.830891422545249281e-01
4.743342325007538496e-01
4.654432234477430819e-01
4.565104662515538370e-01
4.476412051682613913e-01
4.389403692702070203e-01
4.304988194034043425e-01
4.223878428259280060e-01
4.146619482688942426e-01
4.073347177106402262e-01
4.003963133251708384e-01
3.938055174319946006e-01
3.875082588199422196e-01
3.814330081713447340e-01
3.755086899979339643e-01
3.696651041050593722e-01
3.638404033676043148e-01
3.579947792426663167e-01
3.521013744303654325e-01
3.461553178564547029e-01
3.401591596662200678e-01
3.341303690905128021e-01
3.280906920443511510e-01
3.220711238438900281e-01
3.161005630220922735e-01
3.102094828234844837e-01
3.044250477766394236e-01
2.987711320604419796e-01
2.932654482022674092e-01
2.879143463067414532e-01
2.827229602329484059e-01
2.776907101037126568e-01
2.728036026792303725e-01
2.680397006693779893e-01
2.633762067508104154e-01
2.587934981876490736e-01
2.542679647860617287e-01
2.497750265252132174e-01
2.452964019530155526e-01
2.408206899707165949e-01
2.363460513701751697e-01
2.318813407959861295e-01
2.274441920712562404e-01
2.230589324408661089e-01
2.187499144743170199e-01
2.145375043454178232e-01
2.104346362980716312e-01
2.064470015222461263e-01
2.025710365352259845e-01
1.987928525376180533e-01
1.950953783715508594e-01
1.914599610825756248e-01
1.878661210324134578e-01
1.842971397974684789e-01
1.807468006246472081e-01
1.772177223411076363e-01
1.737167395707785444e-01
1.702572959935098884e-01
1.668547347011976045e-01
1.635198774405560718e-01
1.602589034925864242e-01
1.570725022399113435e-01
1.539579811212678506e-01
1.509094893371639712e-01
1.479191854598382871e-01
1.449778287680320854e-01
1.420776419871853380e-01
1.392140766955365649e-01
1.363842556527942451e-01
1.335880826306580227e-01
1.308300955214043992e-01
1.281141503560659367e-01
1.254429358455468602e-01
1.228193017515919055e-01
1.202481219778610555e-01
1.177309988561974496e-01
1.152643597507264223e-01
1.128424859144909059e-01
1.104601307876016819e-01
1.081146638394174381e-01
1.058045862469911003e-01
1.035302367181724914e-01
1.012916117638508751e-01
9.909170385409413195e-02
9.693387241246471941e-02
9.482059849664715989e-02
9.275319700198683681e-02
9.072770877450450633e-02
8.874110861033128461e-02
8.678903248752463384e-02
8.486802023775222303e-02
8.297429097266369180e-02
8.110827199979940560e-02
7.927382178002438662e-02
7.747289364165198255e-02
7.570793062913590277e-02
7.397849745598582272e-02
7.228519770505439923e-02
7.062778439721606460e-02
6.900631677671038855e-02
6.741887211957278692e-02
6.586229810260769979e-02
6.433451952464343260e-02
6.283320136409932533e-02
6.135819246994190374e-02
5.990977110849191739e-02
5.848931832827766741e-02
5.709685361292154288e-02
5.573249882920923437e-02
5.439743149383311632e-02
5.309104527792875283e-02
5.181079128631156661e-02
5.055518923473889537e-02
4.932365856129930504e-02
4.811617767834582005e-02
4.693133682132649004e-02
4.576906487690021730e-02
4.462988768161887249e-02
4.351499435311904918e-02
4.242533639626346054e-02
4.136047075077739499e-02
4.032033134252591133e-02
3.930417234826780876e-02
3.831106568706035831e-02
3.733920730119994619e-02
3.638741565150947072e-02
3.545472372594279248e-02
3.454074153556834642e-02
3.364525865020861345e-02
3.276771189164792708e-02
3.190881580290640118e-02
3.106895096980395385e-02
3.024871764668831189e-02
2.944799333788362602e-02
2.866612600328791172e-02
2.790285347714889161e-02
2.715736357154904454e-02
2.642972656215662394e-02
2.571925898586543274e-02
2.502527255687849589e-02
2.434722611828379554e-02
2.368426618351229460e-02
2.303583266226886389e-02
2.240107339909842843e-02
2.177934996398124892e-02
2.117141909907457528e-02
2.057783007298847125e-02
1.999924715162593875e-02
1.943615434268222697e-02
1.888900657620561779e-02
1.835698614499117060e-02
1.783861891748456108e-02
1.733342647723651320e-02
1.684079000697580319e-02
1.636036855366494042e-02
1.589111505498477447e-02
1.543258185608071403e-02
1.498444864802325228e-02
1.454643696090179156e-02
1.411859128199777560e-02
1.370126926306713261e-02
1.329505731360461525e-02
1.290004361479102357e-02
1.251595134383673424e-02
1.214272806272960296e-02
1.178021434051180170e-02
1.142772457036981062e-02
1.108439826670267261e-02
1.074987997812979629e-02
1.042390595238456424e-02
1.010642026675833208e-02
9.797688935987732342e-03
9.497548061191421476e-03
9.205909048818846502e-03
8.922449261963529693e-03
8.647124934404636087e-03
8.379582362113044414e-03
8.119448219413268400e-03
7.866227713770240770e-03
7.619369303704959587e-03
7.378981359081975694e-03
7.145329786506561011e-03
6.918208790678058960e-03
6.697053814473041648e-03
6.481952779068478158e-03
6.273480677145298716e-03
6.071712178997984780e-03
5.876798187119419703e-03
5.688487275178909057e-03
5.506470197983370438e-03
5.330298362739999303e-03
5.159338990294937491e-03
4.993068948666015347e-03
4.830965427325976252e-03
4.672964402224303281e-03
4.518905744852232120e-03
4.368614819038235501e-03
4.222368623774042616e-03
4.080469105044287267e-03
3.943346101743061376e-03
3.811160204199298164e-03
3.683881933131763226e-03
3.561129567706155206e-03
3.442424880151018392e-03
3.327635905472040457e-03
3.216372100987001641e-03
3.108271612812873921e-03
3.002914991140985014e-03
2.900092852969163131e-03
2.799567198240441625e-03
2.701407363728793032e-03
2.605924573522034899e-03
2.513400571872790278e-03
2.423946139843474214e-03
2.337688374485346037e-03
2.254551526986395531e-03
2.174249797549384234e-03
2.096553438110106918e-03
2.021494014549328738e-03
1.949671749517794444e-03
1.881455470910626225e-03
1.817247790766900878e-03
1.757571404817389119e-03
1.703345355448309881e-03
1.655496654803771759e-03
1.615062541018527295e-03
1.583270183413036398e-03
1.561786570606731256e-03
1.552190141366293838e-03
1.555852459799483356e-03
1.573641776280129342e-03
1.605430725557889082e-03
1.650394897561812107e-03
1.706404101518241203e-03
1.770551715232365070e-03
1.838714515462878084e-03
1.906347685539730745e-03
1.968281112732102409e-03
2.019398742930700839e-03
2.055265679153173933e-03
2.072249871217994848e-03
2.067978156196952771e-03
2.041268780202707724e-03
1.992858125019386032e-03
1.924764653600386736e-03
1.840111706920754099e-03
1.742719099710729469e-03
1.636742700246372880e-03
1.526096376931595968e-03
1.414290355540572582e-03
1.304307583428255353e-03
1.198418631996522746e-03
1.098229050781895011e-03
1.004561520582987260e-03
9.178381136195700547e-04
8.383110606632371330e-04
7.662541585682437805e-04
7.016994182842183157e-04
6.444715657524945247e-04
5.940556219087224539e-04
5.497909120818397213e-04
5.110605692501812023e-04
4.774069994087167435e-04
4.483864953348496341e-04
4.234644895033743274e-04
4.020685669002825222e-04
3.835655765633697381e-04
3.675628249347633915e-04
3.536906704883086830e-04
3.418224956292029702e-04
3.316836476427663361e-04
3.230687569420921538e-04
3.157883957102534164e-04
3.096030184940737687e-04
3.043710217791093897e-04
2.998037971564219972e-04
2.957533133993974156e-04
2.920290563336323309e-04
2.886373287918712329e-04
2.856194508622447595e-04
2.830509437656682312e-04
2.809057210524720381e-04
2.789625589852184678e-04
2.771033015253544416e-04
2.751466575460432065e-04
2.731235102984644076e-04
2.710522458099208997e-04
2.688931468674883606e-04
2.665968764222930495e-04
2.642075183863536181e-04
2.619182497499123559e-04
2.597884987215343393e-04
2.578015075721487473e-04
2.558812758037856379e-04
2.540276317912969445e-04
2.522458027439567103e-04
2.504607925268676838e-04
2.486275748013546966e-04
2.467426124514074501e-04
2.448387356520889311e-04
2.428644945674436368e-04
2.407513940663367580e-04
2.384978547689402294e-04
2.361704646357805446e-04
2.338610931559354693e-04
2.315666887884906789e-04
2.293353424840956071e-04
2.272137393400543832e-04
2.252255523334926763e-04
2.233652160856333007e-04
2.215588124207371382e-04
2.197616231854498980e-04
2.179130964407590776e-04
2.159823821515963714e-04
2.139230880020318276e-04
2.116801003943046650e-04
2.092392128277278062e-04
2.065842574744863110e-04
2.037560955137071106e-04
2.007768197178932848e-04
1.977607990783705608e-04
1.948178646595174492e-04
1.920009247326413500e-04
1.892904199280914302e-04
1.867185462139719985e-04
1.843666077028881906e-04
1.821884350994432480e-04
1.800412248562599472e-04
1.777875033799581836e-04
1.754412565857542470e-04
1.730181362980280288e-04
1.705233199318841877e-04
1.679079476370871991e-04
1.651839703160995303e-04
1.623892677388301365e-04
1.595541468348197860e-04
1.567579120443224339e-04
1.540947227835516434e-04
1.516082022403103708e-04
1.492266386044894633e-04
1.468903789555965286e-04
1.445782785339073072e-04
1.423101019519500403e-04
1.400575179941106489e-04
1.378203341351191282e-04
1.356014970505091009e-04
1.333756245534719307e-04
1.311099015405264173e-04
1.287983033689935638e-04
1.264885296764091101e-04
1.241746452712234514e-04
1.218590190851177499e-04
1.195538393497016659e-04
1.172965452060375938e-04
1.150782826697394881e-04
1.128973401565122782e-04
1.107672825641754728e-04
1.086879515883823358e-04
1.066652755343979467e-04
1.046980569813478555e-04
1.027833042601287376e-04
1.009034273759954663e-04
9.904668300556136935e-05
9.719520703876828452e-05
9.535393206836643759e-05
9.351671344836646961e-05
9.167138568828854105e-05
8.981068940012542886e-05
8.795361347846379217e-05
8.611204673724394919e-05
8.429501354925410402e-05
8.251444612785509324e-05
8.077920346206710696e-05
7.909611227285181221e-05
7.747380719777698490e-05
7.592104331286060235e-05
7.442220964577053797e-05
7.295698260799977897e-05
7.151256899258628540e-05
7.009074781750460439e-05
6.866011138361468973e-05
6.721641425540697014e-05
6.574556723516118716e-05
6.425033036932433481e-05
6.275061788356268142e-05
6.126830224495089286e-05
5.982512015331998932e-05
5.842129569228896789e-05
5.707543858435513138e-05
5.580657484091054992e-05
5.462500776926698665e-05
5.352287174608998056e-05
5.246893573019356552e-05
5.144267299374385608e-05
5.042340070103852709e-05
4.940796596135493384e-05
4.839949100483823701e-05
4.737690745900519865e-05
4.634750710897597470e-05
4.533324975753821309e-05
4.436565630240232324e-05
4.344511432889668648e-05
4.256824626604765750e-05
4.172469796077121236e-05
4.090197344830405447e-05
4.009588548924591429e-05
3.927915339421494061e-05
3.843095183822702108e-05
3.755195546504715550e-05
3.667084842060872399e-05
3.581420007514986092e-05
3.498648348601852119e-05
3.420356501551568174e-05
3.346371781224120716e-05
3.275579063471353587e-05
3.206519015738715656e-05
3.137308493184342461e-05
3.067232168204723808e-05
2.997139855674867817e-05
2.927672365913627230e-05
2.858587117946735968e-05
2.791384537879261230e-05
2.727665423336288964e-05
2.667736720272729974e-05
2.610526601730812140e-05
2.555059498312816616e-05
2.500612590806322564e-05
2.446794132999982019e-05
2.393260058700878278e-05
2.339880677268541982e-05
2.288581588569868131e-05
2.240503248591643607e-05
2.194754638851026076e-05
2.149007456781408087e-05
2.103181671225439747e-05
2.058040096819368895e-05
2.013218259440043513e-05
1.968959069439318998e-05
1.925569732734965295e-05
1.884473357278242169e-05
